109.0,0.0,0.0,3918.9743589743593,4351.282051282052,4508.717948717949,4071.2820512820517,4504.615384615385,4796.410256410257,4583.076923076924,4420.512820512821,4548.205128205129,3971.7948717948725,4420.512820512821,4526.153846153847,4506.153846153847,4230.256410256411,1687.0,1701.0,2.403913,1.5403863191604614,0.0,1424469301350
110.0,0.0,0.0,3918.9743589743593,4351.794871794872,4509.2307692307695,4067.692307692308,4503.076923076924,4795.8974358974365,4584.615384615385,4425.128205128206,4548.717948717949,3971.7948717948725,4415.384615384616,4524.615384615385,4505.641025641026,4231.794871794872,1686.0,1700.0,2.413013,1.5403863191604614,0.0,1424469300882
111.0,0.0,0.0,3920.5128205128212,4346.666666666667,4510.769230769231,4067.1794871794878,4504.102564102564,4797.948717948719,4585.128205128206,4428.205128205129,4548.717948717949,3971.7948717948725,4411.282051282052,4522.564102564103,4506.153846153847,4231.794871794872,1686.0,1701.0,2.428021,1.5403863191604614,0.0,1424469300414
112.0,0.0,0.0,3922.0512820512827,4343.076923076924,4509.743589743591,4068.717948717949,4506.153846153847,4798.974358974359,4584.615384615385,4427.179487179487,4548.717948717949,3971.7948717948725,4413.846153846154,4524.102564102564,4507.179487179488,4231.282051282052,1688.0,1700.0,2.428021,1.5403863191604614,0.0,1424469299946
113.0,0.0,0.0,3921.0256410256416,4344.102564102564,4510.256410256411,4068.205128205129,4506.666666666667,4798.461538461539,4583.076923076924,4427.179487179487,4548.717948717949,3971.7948717948725,4418.974358974359,4525.128205128206,4506.666666666667,4231.794871794872,1685.0,1701.0,2.44285,1.5403863191604614,0.0,1424469299478
114.0,0.0,0.0,3918.9743589743593,4344.615384615385,4510.769230769231,4070.7692307692314,4505.641025641026,4797.948717948719,4580.512820512821,4427.6923076923085,4548.717948717949,3971.7948717948725,4416.923076923077,4523.589743589744,4506.153846153847,4232.820512820514,1687.0,1701.0,2.44285,1.5403863191604614,0.0,1424469299010
115.0,0.0,0.0,3921.538461538462,4346.153846153847,4508.717948717949,4071.2820512820517,4505.128205128206,4798.461538461539,4581.025641025642,4425.641025641026,4548.717948717949,3971.7948717948725,4414.358974358975,4524.102564102564,4505.641025641026,4231.794871794872,1686.0,1700.0,2.459205,1.5403863191604614,0.0,1424469298542
116.0,0.0,0.0,3924.1025641025644,4348.717948717949,4507.179487179488,4066.666666666667,4505.641025641026,4797.435897435898,4585.128205128206,4423.076923076924,4548.717948717949,3971.7948717948725,4416.410256410257,4525.128205128206,4506.666666666667,4230.769230769231,1686.0,1701.0,2.468116,1.5403863191604614,0.0,1424469298074
117.0,0.0,0.0,3922.0512820512827,4346.666666666667,4507.6923076923085,4067.1794871794878,4505.641025641026,4796.923076923077,4586.153846153847,4424.615384615385,4549.2307692307695,3971.7948717948725,4416.410256410257,4523.589743589744,4507.179487179488,4231.794871794872,1686.0,1700.0,2.478792,1.5403863191604614,0.0,1424469297606
118.0,0.0,0.0,3920.5128205128212,4345.128205128206,4509.2307692307695,4068.717948717949,4505.641025641026,4797.435897435898,4582.564102564103,4426.153846153847,4548.717948717949,3971.7948717948725,4414.358974358975,4523.076923076924,4506.666666666667,4231.794871794872,1686.0,1700.0,2.490932,1.5403863191604614,0.0,1424469297138
119.0,0.0,0.0,3920.0000000000005,4347.179487179487,4507.6923076923085,4066.666666666667,4505.641025641026,4798.461538461539,4583.076923076924,4423.589743589744,4548.205128205129,3971.7948717948725,4414.871794871796,4523.589743589744,4505.641025641026,4230.256410256411,1686.0,1700.0,2.490932,1.5403863191604614,0.0,1424469296670
120.0,0.0,0.0,3916.410256410257,4348.717948717949,4506.666666666667,4066.1538461538466,4505.641025641026,4798.461538461539,4584.615384615385,4426.666666666667,4550.256410256411,3971.7948717948725,4414.871794871796,4524.102564102564,4505.641025641026,4229.2307692307695,1687.0,1701.0,2.508289,1.5403863191604614,0.0,1424469296202
121.0,0.0,0.0,3916.410256410257,4347.6923076923085,4507.6923076923085,4067.1794871794878,4505.641025641026,4799.48717948718,4584.102564102564,4429.743589743591,4552.307692307693,3971.7948717948725,4413.333333333334,4524.102564102564,4506.666666666667,4231.794871794872,1687.0,1700.0,2.515274,1.5403863191604614,0.0,1424469295734
122.0,0.0,0.0,3922.0512820512827,4346.153846153847,4507.179487179488,4065.6410256410263,4505.641025641026,4800.000000000001,4584.615384615385,4423.076923076924,4551.794871794872,3971.7948717948725,4412.820512820514,4522.051282051282,4506.153846153847,4232.307692307693,1686.0,1702.0,2.515274,1.5403863191604614,0.0,1424469295266
123.0,0.0,0.0,3922.0512820512827,4347.179487179487,4505.641025641026,4065.6410256410263,4505.641025641026,4797.948717948719,4585.128205128206,4421.538461538462,4550.769230769231,3971.7948717948725,4414.358974358975,4522.564102564103,4504.102564102564,4229.74358974359,1687.0,1700.0,2.538359,1.5403863191604614,0.0,1424469294798
124.0,0.0,0.0,3919.48717948718,4348.205128205129,4505.128205128206,4066.1538461538466,4505.641025641026,4797.948717948719,4585.128205128206,4426.666666666667,4550.256410256411,3971.7948717948725,4414.871794871796,4523.589743589744,4503.589743589744,4227.179487179487,1686.0,1700.0,2.538359,1.5403863191604614,0.0,1424469294330
125.0,0.0,0.0,3921.0256410256416,4346.666666666667,4506.153846153847,4065.6410256410263,4505.641025641026,4798.974358974359,4585.641025641026,4425.641025641026,4548.717948717949,3971.7948717948725,4415.8974358974365,4523.076923076924,4504.615384615385,4229.74358974359,1687.0,1701.0,2.555049,1.5403863191604614,0.0,1424469293862
126.0,0.0,0.0,3920.5128205128212,4343.589743589744,4507.179487179488,4065.1282051282055,4505.641025641026,4798.461538461539,4585.641025641026,4423.589743589744,4548.717948717949,3971.7948717948725,4415.8974358974365,4522.051282051282,4505.128205128206,4229.74358974359,1686.0,1700.0,2.555049,1.5403863191604614,0.0,1424469293394
127.0,0.0,0.0,3921.0256410256416,4343.589743589744,4506.153846153847,4066.666666666667,4505.128205128206,4798.461538461539,4584.615384615385,4425.128205128206,4548.717948717949,3971.7948717948725,4415.384615384616,4521.538461538462,4504.615384615385,4227.179487179487,1686.0,1701.0,2.568295,1.5403863191604614,0.0,1424469292926
128.0,0.0,0.0,3921.0256410256416,4346.666666666667,4505.128205128206,4069.23076923077,4505.128205128206,4798.974358974359,4583.589743589744,4425.641025641026,4548.205128205129,3971.7948717948725,4416.923076923077,4522.051282051282,4504.615384615385,4227.179487179487,1687.0,1700.0,2.586588,1.5403863191604614,0.0,1424469292458
0.0,0.0,0.0,3917.435897435898,4348.205128205129,4505.641025641026,4069.23076923077,4506.153846153847,4798.461538461539,4584.102564102564,4425.128205128206,4549.743589743591,3971.7948717948725,4416.923076923077,4522.051282051282,4504.102564102564,4229.2307692307695,1686.0,1701.0,2.586588,1.5403863191604614,0.0,1424469291990
1.0,0.0,0.0,3914.8717948717954,4347.179487179487,4507.179487179488,4067.692307692308,4506.666666666667,4798.461538461539,4584.102564102564,4427.179487179487,4551.794871794872,3971.7948717948725,4413.846153846154,4522.051282051282,4504.615384615385,4226.153846153847,1687.0,1700.0,2.601018,1.5403863191604614,0.0,1424469291522
2.0,0.0,0.0,3916.410256410257,4346.153846153847,4505.128205128206,4067.692307692308,4505.641025641026,4798.461538461539,4584.615384615385,4426.153846153847,4552.307692307693,3971.7948717948725,4414.871794871796,4521.025641025642,4504.615384615385,4223.589743589744,1687.0,1701.0,2.601018,1.5403863191604614,0.0,1424469291054
3.0,0.0,0.0,3922.0512820512827,4345.128205128206,4505.128205128206,4067.692307692308,4506.153846153847,4798.974358974359,4585.128205128206,4422.564102564103,4550.769230769231,3971.7948717948725,4418.461538461539,4522.051282051282,4504.102564102564,4227.179487179487,1687.0,1700.0,2.617766,1.5403863191604614,0.0,1424469290586
4.0,0.0,0.0,3926.1538461538466,4346.666666666667,4506.666666666667,4067.1794871794878,4507.6923076923085,4799.48717948718,4585.128205128206,4419.48717948718,4551.282051282052,3971.7948717948725,4416.923076923077,4521.025641025642,4504.615384615385,4228.717948717949,1686.0,1701.0,2.624262,1.5403863191604614,0.0,1424469290118
5.0,0.0,0.0,3922.564102564103,4345.641025641026,4506.153846153847,4066.666666666667,4507.6923076923085,4798.974358974359,4583.589743589744,4419.48717948718,4552.307692307693,3971.7948717948725,4414.358974358975,4521.025641025642,4504.615384615385,4226.666666666667,1687.0,1700.0,2.638574,1.5403863191604614,0.0,1424469289650
6.0,0.0,0.0,3917.435897435898,4342.051282051282,4505.128205128206,4067.692307692308,4505.641025641026,4798.461538461539,4583.589743589744,4420.512820512821,4551.794871794872,3971.7948717948725,4415.384615384616,4521.538461538462,4504.615384615385,4226.666666666667,1686.0,1701.0,2.645296,1.5403863191604614,0.0,1424469289182
7.0,0.0,0.0,3920.0000000000005,4344.615384615385,4504.615384615385,4069.23076923077,4504.615384615385,4798.974358974359,4585.128205128206,4420.000000000001,4550.769230769231,3971.7948717948725,4416.410256410257,4520.512820512821,4504.615384615385,4226.666666666667,1687.0,1701.0,2.656629,1.5403863191604614,0.0,1424469288714
8.0,0.0,0.0,3920.5128205128212,4349.743589743591,4504.102564102564,4068.205128205129,4504.615384615385,4798.974358974359,4585.641025641026,4420.512820512821,4551.282051282052,3971.7948717948725,4414.871794871796,4521.025641025642,4504.615384615385,4223.589743589744,1686.0,1700.0,2.665949,1.5403863191604614,0.0,1424469288246
9.0,0.0,0.0,3920.0000000000005,4348.717948717949,4504.615384615385,4066.1538461538466,4504.615384615385,4799.48717948718,4585.641025641026,4421.538461538462,4551.794871794872,3971.7948717948725,4414.358974358975,4521.538461538462,4504.615384615385,4224.102564102564,1686.0,1701.0,2.676542,1.5403863191604614,0.0,1424469287778
10.0,0.0,0.0,3920.5128205128212,4345.128205128206,4506.153846153847,4068.717948717949,4504.615384615385,4798.974358974359,4585.128205128206,4421.538461538462,4551.794871794872,3971.7948717948725,4415.8974358974365,4521.025641025642,4504.615384615385,4226.153846153847,1687.0,1700.0,2.688739,1.5403863191604614,0.0,1424469287310
11.0,0.0,0.0,3916.9230769230776,4346.666666666667,4505.128205128206,4069.23076923077,4503.589743589744,4798.974358974359,4584.615384615385,4421.025641025642,4552.307692307693,3971.7948717948725,4415.384615384616,4521.025641025642,4504.102564102564,4226.666666666667,1686.0,1700.0,2.688739,1.5403863191604614,0.0,1424469286842
12.0,0.0,0.0,3917.9487179487182,4345.128205128206,4505.128205128206,4068.205128205129,4504.102564102564,4798.974358974359,4585.128205128206,4421.538461538462,4551.282051282052,3971.7948717948725,4413.333333333334,4522.051282051282,4504.102564102564,4228.205128205129,1687.0,1700.0,2.705626,1.5403863191604614,0.0,1424469286374
13.0,0.0,0.0,3921.0256410256416,4343.589743589744,4507.179487179488,4071.2820512820517,4506.153846153847,4798.974358974359,4584.615384615385,4421.538461538462,4550.256410256411,3971.7948717948725,4414.871794871796,4521.025641025642,4504.615384615385,4226.666666666667,1687.0,1701.0,2.705626,1.5403863191604614,0.0,1424469285906
14.0,0.0,0.0,3917.435897435898,4344.102564102564,4505.641025641026,4070.7692307692314,4506.153846153847,4797.948717948719,4584.615384615385,4421.538461538462,4552.307692307693,3971.7948717948725,4415.8974358974365,4519.48717948718,4504.102564102564,4227.179487179487,1687.0,1701.0,2.721263,1.5403863191604614,0.0,1424469285438
15.0,0.0,0.0,3920.0000000000005,4344.615384615385,4505.128205128206,4066.666666666667,4504.102564102564,4798.461538461539,4583.589743589744,4421.538461538462,4553.333333333334,3971.7948717948725,4414.871794871796,4523.076923076924,4504.102564102564,4229.2307692307695,1686.0,1700.0,2.735402,1.5403863191604614,0.0,1424469284970
16.0,0.0,0.0,3923.589743589744,4347.179487179487,4509.2307692307695,4066.666666666667,4504.615384615385,4799.48717948718,4583.076923076924,4421.025641025642,4551.794871794872,3971.7948717948725,4414.871794871796,4524.102564102564,4505.641025641026,4230.769230769231,1687.0,1701.0,2.735402,1.5403863191604614,0.0,1424469284502
17.0,0.0,0.0,3917.435897435898,4348.205128205129,4508.717948717949,4068.717948717949,4505.641025641026,4800.000000000001,4584.615384615385,4421.025641025642,4550.256410256411,3971.7948717948725,4416.923076923077,4522.051282051282,4506.666666666667,4230.769230769231,1686.0,1701.0,2.751225,1.5403863191604614,0.0,1424469284034
18.0,0.0,0.0,3918.9743589743593,4345.641025641026,4505.128205128206,4067.1794871794878,4505.641025641026,4798.461538461539,4584.615384615385,4422.051282051282,4550.769230769231,3971.7948717948725,4417.435897435898,4523.076923076924,4504.615384615385,4232.820512820514,1687.0,1700.0,2.751225,1.5403863191604614,0.0,1424469283566
19.0,0.0,0.0,3925.1282051282055,4344.615384615385,4505.641025641026,4067.1794871794878,4505.641025641026,4796.923076923077,4582.564102564103,4420.512820512821,4550.769230769231,3971.7948717948725,4415.8974358974365,4524.102564102564,4503.589743589744,4232.307692307693,1686.0,1701.0,2.782866,1.5403863191604614,0.0,1424469283098
20.0,0.0,0.0,3921.0256410256416,4346.153846153847,4507.179487179488,4068.205128205129,4505.641025641026,4797.435897435898,4583.076923076924,4420.512820512821,4551.794871794872,3971.7948717948725,4417.435897435898,4522.564102564103,4504.102564102564,4232.820512820514,1687.0,1700.0,2.782866,1.5403863191604614,0.0,1424469282630
21.0,0.0,0.0,3920.5128205128212,4346.666666666667,4506.153846153847,4068.717948717949,4505.128205128206,4798.461538461539,4584.615384615385,4426.153846153847,4552.820512820514,3971.7948717948725,4418.461538461539,4522.564102564103,4504.102564102564,4232.820512820514,1687.0,1701.0,2.782866,1.5403863191604614,0.0,1424469282162
22.0,0.0,0.0,3922.0512820512827,4346.153846153847,4505.641025641026,4069.23076923077,4505.128205128206,4798.461538461539,4584.615384615385,4426.666666666667,4552.820512820514,3971.7948717948725,4416.923076923077,4523.589743589744,4504.102564102564,4230.769230769231,1687.0,1700.0,2.814202,1.5403863191604614,0.0,1424469281694
23.0,0.0,0.0,3917.9487179487182,4344.102564102564,4507.179487179488,4066.666666666667,4505.128205128206,4796.923076923077,4583.589743589744,4423.589743589744,4552.820512820514,3971.7948717948725,4419.48717948718,4523.589743589744,4504.102564102564,4232.820512820514,1686.0,1701.0,2.814202,1.5403863191604614,0.0,1424469281226
24.0,0.0,0.0,3918.461538461539,4344.615384615385,4507.6923076923085,4065.6410256410263,4506.153846153847,4797.948717948719,4584.102564102564,4425.128205128206,4552.820512820514,3971.7948717948725,4421.025641025642,4524.615384615385,4504.615384615385,4232.820512820514,1687.0,1700.0,2.844397,2.0329971313476562,0.0,1424469280758
25.0,0.0,0.0,3922.0512820512827,4350.256410256411,4507.6923076923085,4068.205128205129,4506.666666666667,4798.461538461539,4584.615384615385,4425.641025641026,4552.820512820514,3971.7948717948725,4419.48717948718,4526.153846153847,4506.153846153847,4232.307692307693,1686.0,1701.0,2.844397,2.0329971313476562,0.0,1424469280290
26.0,0.0,0.0,3918.9743589743593,4350.769230769231,4507.6923076923085,4068.205128205129,4505.128205128206,4797.948717948719,4583.589743589744,4423.076923076924,4552.820512820514,3971.7948717948725,4420.512820512821,4525.641025641026,4506.666666666667,4233.333333333334,1687.0,1701.0,2.854175,2.0329971313476562,0.0,1424469279822
27.0,0.0,0.0,3917.9487179487182,4344.102564102564,4507.6923076923085,4066.1538461538466,4505.128205128206,4797.435897435898,4583.076923076924,4425.128205128206,4552.820512820514,3971.7948717948725,4419.48717948718,4526.153846153847,4505.641025641026,4233.846153846154,1686.0,1699.0,2.854175,2.0329971313476562,0.0,1424469279354
28.0,0.0,0.0,3919.48717948718,4343.076923076924,4507.6923076923085,4067.1794871794878,4505.641025641026,4797.435897435898,4583.076923076924,4425.128205128206,4552.820512820514,3971.7948717948725,4414.358974358975,4526.153846153847,4506.153846153847,4231.282051282052,1686.0,1701.0,2.867655,2.0642740726470947,0.0,1424469278886
29.0,0.0,0.0,3917.435897435898,4348.717948717949,4507.6923076923085,4068.717948717949,4505.128205128206,4796.923076923077,4583.589743589744,4424.102564102564,4552.820512820514,3971.7948717948725,4415.8974358974365,4524.102564102564,4506.666666666667,4231.794871794872,1687.0,1700.0,2.87476,2.0642740726470947,0.0,1424469278418
30.0,0.0,0.0,3921.0256410256416,4348.717948717949,4507.6923076923085,4066.1538461538466,4505.641025641026,4796.923076923077,4583.589743589744,4427.6923076923085,4552.820512820514,3971.7948717948725,4421.538461538462,4524.615384615385,4506.153846153847,4234.358974358975,1686.0,1701.0,2.881788,2.0642740726470947,0.0,1424469277950
31.0,0.0,0.0,3920.5128205128212,4343.076923076924,4507.6923076923085,4067.1794871794878,4505.641025641026,4797.948717948719,4583.076923076924,4425.641025641026,4552.820512820514,3971.7948717948725,4420.512820512821,4525.641025641026,4505.128205128206,4233.333333333334,1687.0,1700.0,2.900816,2.0642740726470947,0.0,1424469277482
32.0,0.0,0.0,3913.333333333334,4343.076923076924,4507.6923076923085,4072.307692307693,4504.615384615385,4797.948717948719,4582.564102564103,4421.025641025642,4552.820512820514,3971.7948717948725,4414.358974358975,4524.102564102564,4505.641025641026,4231.794871794872,1686.0,1701.0,2.900816,2.0642740726470947,0.0,1424469277014
33.0,0.0,0.0,3918.461538461539,4346.666666666667,4507.6923076923085,4071.2820512820517,4504.615384615385,4797.948717948719,4582.564102564103,4424.102564102564,4552.820512820514,3971.7948717948725,4415.384615384616,4525.128205128206,4505.128205128206,4231.794871794872,1686.0,1700.0,2.900816,2.0642740726470947,0.0,1424469276546
34.0,0.0,0.0,3925.6410256410263,4347.179487179487,4507.6923076923085,4066.666666666667,4504.102564102564,4797.948717948719,4582.564102564103,4426.666666666667,4552.820512820514,3971.7948717948725,4420.000000000001,4527.179487179488,4505.128205128206,4232.307692307693,1686.0,1701.0,2.905735,2.0642740726470947,0.0,1424469276078
35.0,0.0,0.0,3924.1025641025644,4345.641025641026,4507.6923076923085,4067.1794871794878,4503.076923076924,4797.435897435898,4582.564102564103,4426.153846153847,4552.820512820514,3971.7948717948725,4420.000000000001,4525.641025641026,4505.641025641026,4232.820512820514,1687.0,1700.0,2.906604,2.0642740726470947,0.0,1424469275610
36.0,0.0,0.0,3920.5128205128212,4346.153846153847,4507.6923076923085,4067.1794871794878,4504.615384615385,4797.948717948719,4583.589743589744,4424.615384615385,4552.820512820514,3971.7948717948725,4418.461538461539,4525.641025641026,4506.153846153847,4233.333333333334,1686.0,1700.0,2.906604,2.0642740726470947,0.0,1424469275142
37.0,0.0,0.0,3921.538461538462,4346.153846153847,4507.6923076923085,4066.666666666667,4506.153846153847,4797.435897435898,4583.589743589744,4424.615384615385,4552.820512820514,3971.7948717948725,4419.48717948718,4526.666666666667,4506.153846153847,4231.282051282052,1687.0,1701.0,2.907281,2.0642740726470947,0.0,1424469274674
38.0,0.0,0.0,3922.0512820512827,4345.641025641026,4507.6923076923085,4069.23076923077,4504.102564102564,4797.435897435898,4583.589743589744,4425.128205128206,4552.820512820514,3971.7948717948725,4419.48717948718,4525.128205128206,4506.666666666667,4230.256410256411,1687.0,1700.0,2.907281,2.0642740726470947,0.0,1424469274206
39.0,0.0,0.0,3922.564102564103,4344.102564102564,4507.179487179488,4068.717948717949,4504.102564102564,4797.435897435898,4584.102564102564,4425.641025641026,4552.820512820514,3971.7948717948725,4418.461538461539,4522.564102564103,4505.641025641026,4231.794871794872,1687.0,1701.0,2.909442,2.0642740726470947,0.0,1424469273738
40.0,0.0,0.0,3920.0000000000005,4344.615384615385,4507.6923076923085,4069.23076923077,4505.641025641026,4797.435897435898,4583.589743589744,4425.641025641026,4552.820512820514,3971.7948717948725,4420.000000000001,4525.641025641026,4505.641025641026,4233.333333333334,1687.0,1700.0,2.910231,2.0642740726470947,0.0,1424469273270
41.0,0.0,0.0,3918.9743589743593,4347.179487179487,4507.179487179488,4072.307692307693,4505.128205128206,4797.435897435898,4582.564102564103,4425.641025641026,4552.820512820514,3971.7948717948725,4419.48717948718,4531.794871794872,4507.179487179488,4232.820512820514,1686.0,1701.0,2.911008,2.0642740726470947,0.0,1424469272802
42.0,0.0,0.0,3926.1538461538466,4346.153846153847,4507.179487179488,4069.23076923077,4503.589743589744,4797.435897435898,4584.102564102564,4425.641025641026,4552.820512820514,3971.7948717948725,4418.461538461539,4533.333333333334,4506.666666666667,4232.820512820514,1687.0,1700.0,2.9119,2.0642740726470947,0.0,1424469272334
43.0,0.0,0.0,3922.564102564103,4345.128205128206,4508.717948717949,4067.1794871794878,4502.564102564103,4797.435897435898,4584.615384615385,4425.641025641026,4552.820512820514,3971.7948717948725,4418.974358974359,4527.179487179488,4505.641025641026,4233.846153846154,1686.0,1700.0,2.9119,2.0642740726470947,0.0,1424469271866
44.0,0.0,0.0,3913.8461538461543,4347.179487179487,4510.256410256411,4069.23076923077,4502.564102564103,4797.435897435898,4582.564102564103,4425.641025641026,4552.820512820514,3971.7948717948725,4418.974358974359,4523.076923076924,4506.666666666667,4233.846153846154,1686.0,1700.0,2.913084,2.0642740726470947,0.0,1424469271398
45.0,0.0,0.0,3917.9487179487182,4345.128205128206,4510.256410256411,4068.205128205129,4502.564102564103,4797.435897435898,4583.589743589744,4425.641025641026,4553.333333333334,3971.7948717948725,4418.461538461539,4529.743589743591,4506.666666666667,4233.846153846154,1686.0,1700.0,2.913676,2.0642740726470947,0.0,1424469270930
46.0,0.0,0.0,3923.076923076924,4342.564102564103,4510.256410256411,4066.1538461538466,4503.076923076924,4797.435897435898,4584.615384615385,4426.153846153847,4552.307692307693,3971.7948717948725,4418.974358974359,4533.846153846154,4505.641025641026,4232.820512820514,1687.0,1700.0,2.914238,2.0642740726470947,0.0,1424469270462
47.0,0.0,0.0,3919.48717948718,4345.128205128206,4511.282051282052,4068.205128205129,4503.589743589744,4797.435897435898,4583.076923076924,4425.641025641026,4550.769230769231,3971.7948717948725,4418.974358974359,4528.717948717949,4506.666666666667,4232.307692307693,1686.0,1700.0,2.914992,2.0642740726470947,0.0,1424469269994
48.0,0.0,0.0,3916.9230769230776,4345.641025641026,4510.256410256411,4068.717948717949,4504.615384615385,4797.435897435898,4580.512820512821,4425.128205128206,4550.769230769231,3971.7948717948725,4417.948717948719,4524.102564102564,4506.666666666667,4232.307692307693,1687.0,1701.0,2.914992,2.0642740726470947,0.0,1424469269526
49.0,0.0,0.0,3921.538461538462,4345.641025641026,4508.717948717949,4067.1794871794878,4504.615384615385,4797.435897435898,4582.051282051282,4428.205128205129,4550.769230769231,3971.7948717948725,4419.48717948718,4527.179487179488,4506.666666666667,4232.307692307693,1687.0,1700.0,2.916118,2.0642740726470947,0.0,1424469269058
50.0,0.0,0.0,3921.538461538462,4347.179487179487,4508.717948717949,4067.692307692308,4505.128205128206,4797.435897435898,4584.615384615385,4427.179487179487,4550.256410256411,3971.7948717948725,4418.974358974359,4531.282051282052,4506.153846153847,4231.282051282052,1686.0,1702.0,2.916752,2.0642740726470947,0.0,1424469268590
51.0,0.0,0.0,3919.48717948718,4345.641025641026,4509.2307692307695,4068.205128205129,4505.128205128206,4797.435897435898,4583.589743589744,4420.512820512821,4550.769230769231,3971.7948717948725,4414.358974358975,4530.256410256411,4506.153846153847,4231.282051282052,1687.0,1699.0,2.917405,2.0642740726470947,0.0,1424469268122
52.0,0.0,0.0,3921.538461538462,4344.615384615385,4509.2307692307695,4068.717948717949,4504.102564102564,4797.435897435898,4581.538461538462,4418.974358974359,4551.282051282052,3971.7948717948725,4417.948717948719,4524.102564102564,4507.179487179488,4232.307692307693,1686.0,1701.0,2.918076,2.0642740726470947,0.0,1424469267654
53.0,0.0,0.0,3926.1538461538466,4346.666666666667,4509.743589743591,4069.23076923077,4504.102564102564,4797.435897435898,4582.564102564103,4420.512820512821,4550.769230769231,3971.7948717948725,4422.564102564103,4524.615384615385,4506.666666666667,4234.358974358975,1687.0,1700.0,2.918076,2.0642740726470947,0.0,1424469267186
54.0,0.0,0.0,3925.6410256410263,4346.153846153847,4509.743589743591,4070.2564102564106,4504.615384615385,4797.435897435898,4583.589743589744,4418.974358974359,4549.2307692307695,3971.7948717948725,4418.974358974359,4533.333333333334,4505.128205128206,4234.871794871796,1686.0,1701.0,2.919802,2.0642740726470947,0.0,1424469266718
55.0,0.0,0.0,3920.5128205128212,4342.051282051282,4508.717948717949,4067.692307692308,4504.102564102564,4797.435897435898,4583.076923076924,4417.948717948719,4550.256410256411,3971.7948717948725,4417.435897435898,4535.8974358974365,4505.641025641026,4232.307692307693,1687.0,1700.0,2.919802,2.0642740726470947,0.0,1424469266250
56.0,0.0,0.0,3918.9743589743593,4345.641025641026,4508.717948717949,4065.1282051282055,4504.615384615385,4797.435897435898,4583.076923076924,4416.923076923077,4551.794871794872,3971.7948717948725,4420.512820512821,4531.794871794872,4506.666666666667,4232.307692307693,1686.0,1700.0,2.920521,2.0642740726470947,0.0,1424469265782
57.0,0.0,0.0,3920.5128205128212,4352.307692307693,4509.743589743591,4071.2820512820517,4504.615384615385,4797.435897435898,4583.076923076924,4418.974358974359,4550.769230769231,3971.7948717948725,4416.923076923077,4528.717948717949,4506.666666666667,4234.358974358975,1687.0,1701.0,2.920521,2.0642740726470947,0.0,1424469265314
58.0,0.0,0.0,3920.0000000000005,4347.6923076923085,4508.717948717949,4072.820512820513,4504.615384615385,4797.435897435898,4583.589743589744,4425.641025641026,4550.769230769231,3971.7948717948725,4411.794871794872,4531.282051282052,4507.179487179488,4233.846153846154,1686.0,1700.0,2.92154,2.0642740726470947,0.0,1424469264846
59.0,0.0,0.0,3920.0000000000005,4340.512820512821,4507.179487179488,4068.205128205129,4504.615384615385,4797.435897435898,4584.102564102564,4428.205128205129,4551.794871794872,3971.7948717948725,4416.923076923077,4534.358974358975,4507.179487179488,4232.820512820514,1687.0,1701.0,2.922161,2.0642740726470947,0.0,1424469264378
60.0,0.0,0.0,3922.564102564103,4343.589743589744,4508.205128205129,4069.23076923077,4504.615384615385,4797.435897435898,4584.102564102564,4425.641025641026,4551.794871794872,3971.7948717948725,4421.025641025642,4529.2307692307695,4506.153846153847,4232.820512820514,1686.0,1700.0,2.922844,2.0642740726470947,0.0,1424469263910
61.0,0.0,0.0,3918.461538461539,4346.153846153847,4510.256410256411,4071.2820512820517,4504.615384615385,4797.435897435898,4584.102564102564,4424.615384615385,4552.307692307693,3971.7948717948725,4419.48717948718,4523.589743589744,4505.641025641026,4232.820512820514,1686.0,1701.0,2.923542,2.0642740726470947,0.0,1424469263442
62.0,0.0,0.0,3914.8717948717954,4342.564102564103,4508.205128205129,4068.205128205129,4504.615384615385,4797.435897435898,4584.102564102564,4426.666666666667,4552.820512820514,3971.7948717948725,4419.48717948718,4529.743589743591,4504.615384615385,4231.282051282052,1687.0,1699.0,2.924577,2.0642740726470947,0.0,1424469262974
63.0,0.0,0.0,3923.589743589744,4344.615384615385,4508.205128205129,4066.1538461538466,4504.615384615385,4797.435897435898,4584.102564102564,4427.6923076923085,4551.794871794872,3971.7948717948725,4420.000000000001,4532.307692307693,4504.102564102564,4231.282051282052,1685.0,1701.0,2.925307,2.0642740726470947,0.0,1424469262506
64.0,0.0,0.0,3927.1794871794878,4349.2307692307695,4510.769230769231,4069.23076923077,4504.615384615385,4797.948717948719,4584.102564102564,4425.641025641026,4551.282051282052,3971.7948717948725,4415.384615384616,4523.589743589744,4505.128205128206,4232.307692307693,1687.0,1701.0,2.925307,2.0642740726470947,0.0,1424469262038
65.0,0.0,0.0,3917.9487179487182,4344.615384615385,4509.2307692307695,4069.23076923077,4504.615384615385,4797.948717948719,4584.102564102564,4424.615384615385,4551.794871794872,3971.7948717948725,4414.871794871796,4524.102564102564,4505.641025641026,4232.820512820514,1686.0,1700.0,2.925961,2.0642740726470947,0.0,1424469261570
66.0,0.0,0.0,3914.358974358975,4342.564102564103,4507.6923076923085,4067.1794871794878,4504.102564102564,4797.435897435898,4584.102564102564,4426.153846153847,4551.794871794872,3971.7948717948725,4420.000000000001,4528.717948717949,4505.128205128206,4231.794871794872,1687.0,1701.0,2.925961,2.0642740726470947,0.0,1424469261102
67.0,0.0,0.0,3918.461538461539,4346.153846153847,4509.2307692307695,4067.1794871794878,4504.102564102564,4797.948717948719,4584.102564102564,4425.641025641026,4551.794871794872,3971.7948717948725,4420.000000000001,4526.666666666667,4506.666666666667,4231.282051282052,1686.0,1700.0,2.927099,2.0642740726470947,0.0,1424469260634
68.0,0.0,0.0,3920.5128205128212,4346.666666666667,4509.2307692307695,4068.205128205129,4504.615384615385,4798.461538461539,4584.102564102564,4423.589743589744,4551.794871794872,3971.7948717948725,4418.974358974359,4525.128205128206,4507.179487179488,4232.307692307693,1687.0,1701.0,2.927099,2.0642740726470947,0.0,1424469260166
69.0,0.0,0.0,3921.538461538462,4346.153846153847,4507.179487179488,4070.2564102564106,4503.589743589744,4797.435897435898,4584.102564102564,4425.641025641026,4551.794871794872,3971.7948717948725,4420.512820512821,4527.179487179488,4505.128205128206,4233.333333333334,1687.0,1700.0,2.92782,2.0642740726470947,0.0,1424469259698
70.0,0.0,0.0,3920.5128205128212,4348.205128205129,4507.6923076923085,4068.717948717949,4502.051282051282,4796.923076923077,4584.102564102564,4426.153846153847,4551.794871794872,3971.7948717948725,4418.974358974359,4526.666666666667,4505.128205128206,4232.820512820514,1686.0,1701.0,2.928643,2.0642740726470947,0.0,1424469259230
71.0,0.0,0.0,3919.48717948718,4346.666666666667,4509.2307692307695,4067.1794871794878,4503.076923076924,4797.948717948719,4584.102564102564,4425.128205128206,4551.794871794872,3971.7948717948725,4417.948717948719,4525.128205128206,4506.153846153847,4231.794871794872,1686.0,1700.0,2.928643,2.0642740726470947,0.0,1424469258762
72.0,0.0,0.0,3922.564102564103,4343.076923076924,4508.717948717949,4067.692307692308,4505.128205128206,4797.948717948719,4584.102564102564,4425.641025641026,4551.794871794872,3971.7948717948725,4420.000000000001,4525.128205128206,4505.641025641026,4231.794871794872,1687.0,1700.0,2.931001,2.4083197116851807,0.0,1424469258294
73.0,0.0,0.0,3921.0256410256416,4346.153846153847,4506.666666666667,4069.23076923077,4504.615384615385,4797.948717948719,4584.102564102564,4425.641025641026,4551.794871794872,3971.7948717948725,4420.512820512821,4525.128205128206,4504.615384615385,4231.282051282052,1686.0,1700.0,2.931001,2.4083197116851807,0.0,1424469257826
74.0,0.0,0.0,3917.9487179487182,4345.641025641026,4507.179487179488,4069.23076923077,4505.128205128206,4797.948717948719,4584.102564102564,4425.641025641026,4551.794871794872,3971.7948717948725,4417.948717948719,4526.666666666667,4506.666666666667,4230.256410256411,1687.0,1701.0,2.931745,2.4083197116851807,0.0,1424469257358
75.0,0.0,0.0,3919.48717948718,4343.076923076924,4509.2307692307695,4066.666666666667,4506.153846153847,4797.948717948719,4584.615384615385,4425.641025641026,4551.794871794872,3971.7948717948725,4415.8974358974365,4525.641025641026,4506.666666666667,4230.256410256411,1686.0,1700.0,2.934078,2.4083197116851807,0.0,1424469256890
76.0,0.0,0.0,3918.9743589743593,4348.205128205129,4507.6923076923085,4066.666666666667,4505.128205128206,4797.948717948719,4584.102564102564,4425.641025641026,4551.282051282052,3971.7948717948725,4419.48717948718,4522.564102564103,4505.128205128206,4230.256410256411,1687.0,1701.0,2.943219,2.4083197116851807,0.0,1424469256422
77.0,0.0,0.0,3916.9230769230776,4351.282051282052,4506.666666666667,4069.23076923077,4504.102564102564,4797.948717948719,4584.102564102564,4426.666666666667,4550.256410256411,3971.7948717948725,4420.512820512821,4525.128205128206,4505.641025641026,4231.794871794872,1686.0,1700.0,2.943219,2.4083197116851807,0.0,1424469255954
78.0,0.0,0.0,3918.461538461539,4347.6923076923085,4506.666666666667,4070.2564102564106,4505.128205128206,4797.948717948719,4584.615384615385,4428.717948717949,4550.769230769231,3971.7948717948725,4417.948717948719,4524.102564102564,4506.153846153847,4232.307692307693,1686.0,1701.0,2.963675,2.4083197116851807,0.0,1424469255486
79.0,0.0,0.0,3920.5128205128212,4346.153846153847,4508.205128205129,4067.692307692308,4505.641025641026,4797.948717948719,4583.589743589744,4428.717948717949,4551.794871794872,3971.7948717948725,4421.025641025642,4521.025641025642,4505.641025641026,4231.282051282052,1686.0,1700.0,2.981762,2.4083197116851807,0.0,1424469255018
80.0,0.0,0.0,3918.461538461539,4346.153846153847,4509.2307692307695,4066.666666666667,4505.128205128206,4797.948717948719,4582.564102564103,4425.641025641026,4550.769230769231,3971.7948717948725,4420.000000000001,4529.2307692307695,4505.128205128206,4231.282051282052,1686.0,1701.0,2.981762,2.4083197116851807,0.0,1424469254550
81.0,0.0,0.0,3920.0000000000005,4345.128205128206,4508.205128205129,4070.2564102564106,4504.102564102564,4797.948717948719,4582.564102564103,4424.102564102564,4550.769230769231,3971.7948717948725,4413.333333333334,4538.461538461539,4505.641025641026,4233.333333333334,1687.0,1700.0,2.997014,2.4083197116851807,0.0,1424469254082
82.0,0.0,0.0,3918.9743589743593,4349.743589743591,4509.2307692307695,4071.7948717948725,4503.589743589744,4797.948717948719,4583.076923076924,4424.102564102564,4551.794871794872,3971.7948717948725,4415.8974358974365,4534.871794871796,4505.641025641026,4233.846153846154,1685.0,1701.0,3.004865,2.4083197116851807,0.0,1424469253614
83.0,0.0,0.0,3917.9487179487182,4349.2307692307695,4510.769230769231,4068.205128205129,4504.102564102564,4797.948717948719,4583.076923076924,4427.179487179487,4551.282051282052,3971.7948717948725,4420.512820512821,4533.333333333334,4505.641025641026,4234.358974358975,1688.0,1700.0,3.00556,2.4083197116851807,0.0,1424469253146
84.0,0.0,0.0,3920.0000000000005,4347.179487179487,4510.256410256411,4067.692307692308,4504.102564102564,4797.948717948719,4583.076923076924,4429.2307692307695,4550.769230769231,3971.7948717948725,4418.461538461539,4537.435897435898,4505.128205128206,4235.384615384616,1686.0,1699.0,3.006364,2.5177886486053467,0.0,1424469252678
85.0,0.0,0.0,3920.5128205128212,4349.2307692307695,4508.717948717949,4069.23076923077,4503.076923076924,4797.948717948719,4582.564102564103,4426.153846153847,4551.794871794872,3971.7948717948725,4417.948717948719,4531.282051282052,4505.641025641026,4234.358974358975,1686.0,1701.0,3.006364,2.5177886486053467,0.0,1424469252210
86.0,0.0,0.0,3919.48717948718,4346.666666666667,4510.256410256411,4065.6410256410263,4503.589743589744,4797.948717948719,4581.538461538462,4422.564102564103,4552.307692307693,3971.7948717948725,4422.051282051282,4524.102564102564,4506.153846153847,4231.794871794872,1687.0,1700.0,3.009924,2.5177886486053467,0.0,1424469251742
87.0,0.0,0.0,3920.0000000000005,4343.589743589744,4510.256410256411,4068.205128205129,4505.641025641026,4797.948717948719,4582.564102564103,4424.615384615385,4551.282051282052,3971.7948717948725,4417.948717948719,4525.641025641026,4505.641025641026,4232.307692307693,1686.0,1700.0,3.009924,2.5177886486053467,0.0,1424469251274
88.0,0.0,0.0,3921.0256410256416,4346.666666666667,4509.743589743591,4074.358974358975,4506.153846153847,4797.948717948719,4584.615384615385,4428.205128205129,4549.743589743591,3971.7948717948725,4412.820512820514,4528.717948717949,4505.641025641026,4233.333333333334,1686.0,1701.0,3.010571,2.549065589904785,0.0,1424469250806
89.0,0.0,0.0,3918.9743589743593,4348.717948717949,4509.2307692307695,4070.7692307692314,4505.128205128206,4797.948717948719,4584.615384615385,4424.615384615385,4550.256410256411,3971.7948717948725,4417.435897435898,4534.358974358975,4506.666666666667,4232.307692307693,1686.0,1701.0,3.01122,2.549065589904785,0.0,1424469250338
90.0,0.0,0.0,3917.9487179487182,4345.128205128206,4508.717948717949,4068.205128205129,4504.102564102564,4797.948717948719,4583.076923076924,4418.461538461539,4551.282051282052,3971.7948717948725,4422.564102564103,4536.410256410257,4506.666666666667,4231.794871794872,1687.0,1700.0,3.012252,2.549065589904785,0.0,1424469249870
91.0,0.0,0.0,3919.48717948718,4347.179487179487,4509.2307692307695,4074.358974358975,4504.102564102564,4797.948717948719,4584.102564102564,4420.000000000001,4549.743589743591,3971.7948717948725,4417.948717948719,4530.256410256411,4506.153846153847,4233.333333333334,1686.0,1701.0,3.013015,2.549065589904785,0.0,1424469249402
92.0,0.0,0.0,3918.9743589743593,4350.256410256411,4508.717948717949,4075.3846153846157,4503.589743589744,4798.461538461539,4584.615384615385,4425.641025641026,4549.743589743591,3971.7948717948725,4414.871794871796,4525.128205128206,4506.153846153847,4233.333333333334,1687.0,1700.0,3.013015,2.549065589904785,0.0,1424469248934
93.0,0.0,0.0,3917.435897435898,4346.153846153847,4508.717948717949,4071.7948717948725,4503.076923076924,4796.923076923077,4582.564102564103,4428.205128205129,4550.769230769231,3971.7948717948725,4417.948717948719,4525.128205128206,4505.641025641026,4232.307692307693,1686.0,1700.0,3.013651,2.549065589904785,0.0,1424469248466
94.0,0.0,0.0,3914.358974358975,4344.102564102564,4509.743589743591,4070.7692307692314,4504.615384615385,4795.384615384616,4583.076923076924,4426.666666666667,4550.769230769231,3971.7948717948725,4418.461538461539,4525.641025641026,4505.128205128206,4232.820512820514,1687.0,1700.0,3.014605,2.549065589904785,0.0,1424469247998
95.0,0.0,0.0,3915.8974358974365,4346.666666666667,4508.205128205129,4069.7435897435903,4505.641025641026,4795.384615384616,4584.615384615385,4424.615384615385,4549.743589743591,3971.7948717948725,4417.435897435898,4526.153846153847,4505.128205128206,4232.307692307693,1686.0,1700.0,3.015303,2.549065589904785,0.0,1424469247530
96.0,0.0,0.0,3919.48717948718,4348.717948717949,4507.6923076923085,4070.2564102564106,4504.615384615385,4795.8974358974365,4583.076923076924,4425.641025641026,4549.2307692307695,3971.7948717948725,4420.512820512821,4525.641025641026,4504.615384615385,4232.307692307693,1687.0,1701.0,3.016195,2.549065589904785,0.0,1424469247062
97.0,0.0,0.0,3920.5128205128212,4345.128205128206,4510.256410256411,4071.7948717948725,4504.615384615385,4795.384615384616,4581.538461538462,4427.179487179487,4551.282051282052,3971.7948717948725,4421.538461538462,4526.153846153847,4505.128205128206,4233.846153846154,1687.0,1700.0,3.016195,2.549065589904785,0.0,1424469246594
98.0,0.0,0.0,3921.0256410256416,4343.589743589744,4511.794871794872,4067.692307692308,4505.128205128206,4794.871794871796,4583.589743589744,4422.564102564103,4553.333333333334,3971.7948717948725,4417.435897435898,4529.2307692307695,4505.641025641026,4233.333333333334,1686.0,1701.0,3.017332,2.549065589904785,0.0,1424469246126
99.0,0.0,0.0,3919.48717948718,4347.6923076923085,4509.2307692307695,4065.6410256410263,4504.615384615385,4795.8974358974365,4584.615384615385,4417.948717948719,4551.282051282052,3971.7948717948725,4413.333333333334,4528.717948717949,4505.128205128206,4232.820512820514,1687.0,1700.0,3.017332,2.549065589904785,0.0,1424469245658
100.0,0.0,0.0,3918.461538461539,4349.743589743591,4508.205128205129,4068.205128205129,4503.076923076924,4797.435897435898,4584.615384615385,4423.589743589744,4550.769230769231,3971.7948717948725,4415.384615384616,4523.076923076924,4505.128205128206,4232.820512820514,1686.0,1700.0,3.018177,2.6428961753845215,0.0,1424469245190
101.0,0.0,0.0,3918.9743589743593,4346.153846153847,4509.2307692307695,4069.23076923077,4503.076923076924,4797.948717948719,4583.076923076924,4428.717948717949,4552.820512820514,3971.7948717948725,4418.974358974359,4523.076923076924,4505.641025641026,4232.307692307693,1687.0,1700.0,3.018177,2.6428961753845215,0.0,1424469244722
102.0,0.0,0.0,3920.0000000000005,4344.102564102564,4508.717948717949,4066.666666666667,4504.615384615385,4797.435897435898,4582.564102564103,4425.641025641026,4552.307692307693,3971.7948717948725,4416.923076923077,4526.666666666667,4505.128205128206,4232.307692307693,1686.0,1700.0,3.019925,2.6428961753845215,0.0,1424469244254
103.0,0.0,0.0,3920.0000000000005,4345.641025641026,4508.717948717949,4067.692307692308,4505.128205128206,4797.435897435898,4584.102564102564,4427.179487179487,4549.743589743591,3971.7948717948725,4415.384615384616,4525.128205128206,4506.153846153847,4231.794871794872,1687.0,1700.0,3.020608,2.6428961753845215,0.0,1424469243786
104.0,0.0,0.0,3919.48717948718,4345.128205128206,4508.717948717949,4067.692307692308,4504.615384615385,4797.948717948719,4584.615384615385,4430.256410256411,4550.769230769231,3971.7948717948725,4418.974358974359,4523.589743589744,4506.153846153847,4232.307692307693,1686.0,1700.0,3.021364,2.6428961753845215,0.0,1424469243318
105.0,0.0,0.0,3919.48717948718,4345.641025641026,4508.717948717949,4064.615384615385,4504.102564102564,4797.948717948719,4583.076923076924,4429.2307692307695,4552.307692307693,3971.7948717948725,4420.512820512821,4526.153846153847,4505.128205128206,4233.333333333334,1688.0,1701.0,3.022042,2.6428961753845215,0.0,1424469242850
106.0,0.0,0.0,3918.9743589743593,4347.179487179487,4508.717948717949,4067.692307692308,4504.615384615385,4797.435897435898,4583.076923076924,4428.205128205129,4551.794871794872,3971.7948717948725,4420.000000000001,4525.128205128206,4505.641025641026,4232.820512820514,1686.0,1700.0,3.023149,2.6428961753845215,0.0,1424469242382
107.0,0.0,0.0,3918.461538461539,4346.666666666667,4509.2307692307695,4070.2564102564106,4504.615384615385,4797.948717948719,4583.589743589744,4429.743589743591,4551.282051282052,3971.7948717948725,4419.48717948718,4523.076923076924,4506.153846153847,4231.794871794872,1686.0,1701.0,3.023881,2.6428961753845215,0.0,1424469241914
108.0,0.0,0.0,3915.8974358974365,4345.128205128206,4508.717948717949,4068.205128205129,4504.615384615385,4798.974358974359,4583.076923076924,4429.2307692307695,4551.794871794872,3971.7948717948725,4418.974358974359,4524.615384615385,4505.128205128206,4231.794871794872,1687.0,1700.0,3.024675,2.6428961753845215,0.0,1424469245259
109.0,0.0,0.0,3915.3846153846157,4345.128205128206,4506.153846153847,4070.7692307692314,4505.641025641026,4798.461538461539,4583.076923076924,4429.2307692307695,4551.794871794872,3971.7948717948725,4418.461538461539,4526.153846153847,4505.641025641026,4232.307692307693,1686.0,1701.0,3.024675,2.6428961753845215,0.0,1424469244791
110.0,0.0,0.0,3918.461538461539,4346.666666666667,4505.641025641026,4073.333333333334,4505.641025641026,4796.923076923077,4583.076923076924,4429.743589743591,4551.794871794872,3971.7948717948725,4418.974358974359,4524.615384615385,4506.153846153847,4232.307692307693,1687.0,1700.0,3.038647,2.6428961753845215,0.0,1424469244323
111.0,0.0,0.0,3923.076923076924,4348.205128205129,4508.205128205129,4066.1538461538466,4505.128205128206,4797.435897435898,4583.076923076924,4429.2307692307695,4551.794871794872,3971.7948717948725,4421.538461538462,4523.589743589744,4505.641025641026,4232.307692307693,1686.0,1700.0,3.038647,2.6428961753845215,0.0,1424469243855
112.0,0.0,0.0,3920.5128205128212,4345.641025641026,4507.6923076923085,4063.076923076924,4504.102564102564,4797.948717948719,4583.076923076924,4428.717948717949,4551.282051282052,3971.7948717948725,4418.974358974359,4526.153846153847,4505.128205128206,4232.307692307693,1687.0,1700.0,3.053084,2.6428961753845215,0.0,1424469243387
113.0,0.0,0.0,3916.9230769230776,4343.589743589744,4507.179487179488,4071.2820512820517,4504.102564102564,4798.974358974359,4583.076923076924,4429.743589743591,4551.794871794872,3971.7948717948725,4414.871794871796,4527.6923076923085,4506.153846153847,4232.820512820514,1686.0,1700.0,3.053084,2.6428961753845215,0.0,1424469242919
114.0,0.0,0.0,3920.0000000000005,4345.128205128206,4511.282051282052,4073.333333333334,4505.128205128206,4797.435897435898,4583.076923076924,4427.6923076923085,4552.307692307693,3971.7948717948725,4419.48717948718,4526.153846153847,4506.666666666667,4232.307692307693,1687.0,1700.0,3.081689,2.6428961753845215,0.0,1424469242451
115.0,0.0,0.0,3917.9487179487182,4347.179487179487,4511.282051282052,4067.692307692308,4503.076923076924,4794.871794871796,4583.076923076924,4420.000000000001,4551.794871794872,3971.7948717948725,4423.076923076924,4524.102564102564,4507.179487179488,4232.820512820514,1686.0,1701.0,3.081689,2.6428961753845215,0.0,1424469241983
116.0,0.0,0.0,3910.7692307692314,4343.589743589744,4507.179487179488,4065.1282051282055,4502.564102564103,4795.8974358974365,4583.076923076924,4417.435897435898,4551.794871794872,3971.7948717948725,4418.461538461539,4526.666666666667,4506.666666666667,4232.820512820514,1687.0,1701.0,3.1066,2.775822877883911,0.0,1424469243418
117.0,0.0,0.0,3915.3846153846157,4342.564102564103,4506.153846153847,4070.2564102564106,4504.615384615385,4799.48717948718,4583.076923076924,4426.153846153847,4552.307692307693,3971.7948717948725,4416.923076923077,4528.717948717949,4505.641025641026,4232.307692307693,1686.0,1699.0,3.1066,2.775822877883911,0.0,1424469242950
118.0,0.0,0.0,3924.615384615385,4346.153846153847,4507.6923076923085,4073.8461538461543,4505.128205128206,4798.974358974359,4583.076923076924,4431.794871794872,4552.307692307693,3971.7948717948725,4419.48717948718,4527.179487179488,4504.615384615385,4231.794871794872,1686.0,1701.0,3.1066,2.775822877883911,0.0,1424469242482
119.0,0.0,0.0,3921.0256410256416,4345.128205128206,4507.179487179488,4069.23076923077,4503.589743589744,4796.923076923077,4583.076923076924,4429.2307692307695,4551.282051282052,3971.7948717948725,4418.461538461539,4525.641025641026,4504.102564102564,4232.307692307693,1687.0,1699.0,3.133868,2.775822877883911,0.0,1424469242014
120.0,0.0,0.0,3917.435897435898,4344.102564102564,4506.666666666667,4064.615384615385,4503.076923076924,4797.435897435898,4583.076923076924,4428.717948717949,4551.794871794872,3971.7948717948725,4418.461538461539,4525.128205128206,4505.128205128206,4232.307692307693,1686.0,1700.0,3.133868,2.775822877883911,0.0,1424469245337
121.0,0.0,0.0,3922.0512820512827,4349.743589743591,4507.179487179488,4067.692307692308,4504.102564102564,4797.948717948719,4583.076923076924,4431.794871794872,4552.820512820514,3971.7948717948725,4417.435897435898,4526.153846153847,4505.641025641026,4232.307692307693,1687.0,1700.0,3.168369,2.775822877883911,0.0,1424469244869
122.0,0.0,0.0,3922.564102564103,4349.2307692307695,4507.179487179488,4071.2820512820517,4503.589743589744,4797.435897435898,4583.589743589744,4429.743589743591,4551.794871794872,3971.7948717948725,4414.871794871796,4525.641025641026,4504.615384615385,4232.820512820514,1686.0,1700.0,3.168369,2.775822877883911,0.0,1424469244401
123.0,0.0,0.0,3918.461538461539,4341.025641025642,4507.179487179488,4068.717948717949,4504.102564102564,4797.435897435898,4583.589743589744,4425.128205128206,4549.743589743591,3971.7948717948725,4417.948717948719,4525.641025641026,4504.102564102564,4232.820512820514,1687.0,1700.0,3.202244,2.775822877883911,0.0,1424469243933
124.0,0.0,0.0,3918.9743589743593,4342.564102564103,4507.179487179488,4069.7435897435903,4505.128205128206,4797.435897435898,4582.564102564103,4423.589743589744,4549.743589743591,3971.7948717948725,4420.512820512821,4526.666666666667,4504.615384615385,4232.307692307693,1686.0,1700.0,3.202244,2.775822877883911,0.0,1424469243465
125.0,0.0,0.0,3922.0512820512827,4347.179487179487,4507.179487179488,4073.8461538461543,4505.128205128206,4797.435897435898,4583.589743589744,4425.641025641026,4550.256410256411,3971.7948717948725,4418.974358974359,4526.153846153847,4506.666666666667,4231.282051282052,1687.0,1701.0,3.202244,2.775822877883911,0.0,1424469242997
126.0,0.0,0.0,3920.0000000000005,4344.615384615385,4507.179487179488,4073.8461538461543,4505.128205128206,4797.435897435898,4585.128205128206,4427.6923076923085,4551.794871794872,3971.7948717948725,4418.974358974359,4525.641025641026,4507.6923076923085,4232.307692307693,1686.0,1701.0,3.246579,2.775822877883911,0.0,1424469242529
127.0,0.0,0.0,3914.358974358975,4342.051282051282,4507.179487179488,4071.7948717948725,4505.641025641026,4797.435897435898,4583.589743589744,4429.743589743591,4551.282051282052,3971.7948717948725,4419.48717948718,4525.641025641026,4506.666666666667,4233.846153846154,1687.0,1700.0,3.246579,2.775822877883911,0.0,1424469242061
128.0,0.0,0.0,3915.3846153846157,4345.128205128206,4506.666666666667,4072.307692307693,4504.615384615385,4797.435897435898,4581.538461538462,4429.743589743591,4550.256410256411,3971.7948717948725,4415.384615384616,4526.153846153847,4506.153846153847,4232.307692307693,1686.0,1700.0,3.246579,2.775822877883911,0.0,1424469243515
0.0,0.0,0.0,3923.076923076924,4347.6923076923085,4509.2307692307695,4073.8461538461543,4504.102564102564,4797.435897435898,4584.102564102564,4425.641025641026,4550.769230769231,3971.7948717948725,4416.410256410257,4525.641025641026,4506.153846153847,4231.794871794872,1687.0,1700.0,3.286877,2.775822877883911,0.0,1424469243047
1.0,0.0,0.0,3926.1538461538466,4345.128205128206,4510.769230769231,4073.8461538461543,4505.641025641026,4797.435897435898,4585.641025641026,4425.128205128206,4551.794871794872,3971.7948717948725,4421.025641025642,4526.666666666667,4505.128205128206,4232.307692307693,1687.0,1700.0,3.286877,2.775822877883911,0.0,1424469242579
2.0,0.0,0.0,3920.0000000000005,4343.076923076924,4508.717948717949,4070.2564102564106,4507.179487179488,4797.435897435898,4582.564102564103,4429.743589743591,4551.794871794872,3971.7948717948725,4420.000000000001,4526.666666666667,4504.615384615385,4231.794871794872,1687.0,1700.0,3.286877,2.775822877883911,0.0,1424469242111
3.0,0.0,0.0,3915.8974358974365,4344.102564102564,4508.205128205129,4065.6410256410263,4505.641025641026,4797.435897435898,4581.538461538462,4430.769230769231,4551.794871794872,3971.7948717948725,4418.461538461539,4524.102564102564,4506.153846153847,4231.794871794872,1686.0,1700.0,3.324017,2.900930404663086,0.0,1424469245434
4.0,0.0,0.0,3918.461538461539,4345.128205128206,4509.2307692307695,4066.1538461538466,4504.102564102564,4797.435897435898,4583.076923076924,4429.2307692307695,4551.282051282052,3971.7948717948725,4418.974358974359,4524.102564102564,4506.666666666667,4232.307692307693,1688.0,1700.0,3.324017,2.900930404663086,0.0,1424469244966
5.0,0.0,0.0,3916.9230769230776,4346.153846153847,4508.205128205129,4070.7692307692314,4503.589743589744,4797.435897435898,4583.076923076924,4429.743589743591,4550.769230769231,3971.7948717948725,4415.8974358974365,4526.666666666667,4505.128205128206,4232.307692307693,1686.0,1701.0,3.324017,2.900930404663086,0.0,1424469244498
6.0,0.0,0.0,3913.8461538461543,4346.666666666667,4508.205128205129,4071.2820512820517,4503.589743589744,4797.435897435898,4582.564102564103,4430.769230769231,4551.282051282052,3971.7948717948725,4413.333333333334,4528.205128205129,4506.153846153847,4232.307692307693,1687.0,1701.0,3.364608,2.900930404663086,0.0,1424469244030
7.0,0.0,0.0,3916.9230769230776,4345.641025641026,4511.282051282052,4068.717948717949,4503.589743589744,4797.435897435898,4583.076923076924,4431.282051282052,4550.769230769231,3971.7948717948725,4414.871794871796,4528.205128205129,4507.179487179488,4232.820512820514,1686.0,1699.0,3.364608,2.900930404663086,0.0,1424469243562
8.0,0.0,0.0,3919.48717948718,4346.153846153847,4511.282051282052,4070.7692307692314,4503.589743589744,4797.435897435898,4583.076923076924,4428.717948717949,4549.743589743591,3971.7948717948725,4414.871794871796,4526.153846153847,4505.128205128206,4231.794871794872,1687.0,1701.0,3.364608,2.900930404663086,0.0,1424469243094
9.0,0.0,0.0,3920.0000000000005,4347.6923076923085,4507.179487179488,4074.8717948717954,4503.589743589744,4797.435897435898,4582.564102564103,4423.589743589744,4550.256410256411,3971.7948717948725,4413.846153846154,4525.128205128206,4505.128205128206,4231.794871794872,1687.0,1700.0,3.40086,2.900930404663086,0.0,1424469242626
10.0,0.0,0.0,3920.5128205128212,4347.179487179487,4504.102564102564,4072.820512820513,4503.589743589744,4797.435897435898,4583.076923076924,4423.589743589744,4549.743589743591,3971.7948717948725,4414.358974358975,4525.128205128206,4506.666666666667,4231.794871794872,1686.0,1701.0,3.40086,2.900930404663086,0.0,1424469242158
11.0,0.0,0.0,3920.5128205128212,4344.102564102564,4506.153846153847,4071.2820512820517,4503.589743589744,4797.435897435898,4583.076923076924,4426.153846153847,4549.743589743591,3971.7948717948725,4413.333333333334,4524.102564102564,4506.153846153847,4231.282051282052,1688.0,1700.0,3.40086,2.900930404663086,0.0,1424469243592
12.0,0.0,0.0,3920.0000000000005,4342.564102564103,4509.2307692307695,4072.820512820513,4503.589743589744,4797.435897435898,4582.564102564103,4424.615384615385,4552.820512820514,3971.7948717948725,4415.8974358974365,4523.589743589744,4504.615384615385,4232.307692307693,1686.0,1700.0,3.451009,2.900930404663086,0.0,1424469243124
13.0,0.0,0.0,3920.5128205128212,4343.589743589744,4507.6923076923085,4070.7692307692314,4504.102564102564,4797.435897435898,4584.102564102564,4424.102564102564,4552.820512820514,3971.7948717948725,4418.461538461539,4524.102564102564,4505.641025641026,4233.333333333334,1687.0,1701.0,3.451009,2.900930404663086,0.0,1424469242656
14.0,0.0,0.0,3920.0000000000005,4345.641025641026,4507.179487179488,4067.1794871794878,4505.128205128206,4797.435897435898,4585.641025641026,4426.666666666667,4549.2307692307695,3971.7948717948725,4415.384615384616,4524.615384615385,4506.666666666667,4232.307692307693,1687.0,1701.0,3.451009,2.900930404663086,0.0,1424469242188
15.0,0.0,0.0,3917.9487179487182,4345.641025641026,4509.2307692307695,4066.666666666667,4505.128205128206,4797.435897435898,4584.615384615385,4428.717948717949,4549.743589743591,3971.7948717948725,4415.8974358974365,4526.666666666667,4506.153846153847,4232.307692307693,1687.0,1700.0,3.483846,2.900930404663086,0.0,1424469243629
16.0,0.0,0.0,3917.9487179487182,4343.076923076924,4509.2307692307695,4068.717948717949,4504.102564102564,4797.435897435898,4582.564102564103,4429.2307692307695,4552.307692307693,3971.7948717948725,4420.000000000001,4528.205128205129,4506.153846153847,4233.333333333334,1686.0,1700.0,3.483846,2.900930404663086,0.0,1424469243161
17.0,0.0,0.0,3918.9743589743593,4344.102564102564,4509.2307692307695,4069.23076923077,4504.102564102564,4797.435897435898,4582.051282051282,4425.128205128206,4551.282051282052,3971.7948717948725,4418.974358974359,4526.153846153847,4506.153846153847,4232.307692307693,1687.0,1701.0,3.528763,2.900930404663086,0.0,1424469242693
18.0,0.0,0.0,3917.435897435898,4347.6923076923085,4510.769230769231,4068.205128205129,4504.102564102564,4797.435897435898,4582.564102564103,4424.615384615385,4550.769230769231,3971.7948717948725,4418.461538461539,4524.615384615385,4506.153846153847,4231.282051282052,1686.0,1700.0,3.528763,2.900930404663086,0.0,1424469242225
19.0,0.0,0.0,3915.8974358974365,4344.615384615385,4509.2307692307695,4067.1794871794878,4504.102564102564,4797.435897435898,4582.564102564103,4428.717948717949,4551.794871794872,3971.7948717948725,4418.974358974359,4525.128205128206,4506.666666666667,4232.307692307693,1686.0,1701.0,3.528763,3.0260379314422607,0.0,1424469245542
20.0,0.0,0.0,3920.5128205128212,4341.025641025642,4506.666666666667,4066.666666666667,4504.102564102564,4797.435897435898,4583.076923076924,4425.128205128206,4550.769230769231,3971.7948717948725,4414.358974358975,4524.102564102564,4506.153846153847,4232.820512820514,1687.0,1699.0,3.549608,3.0260379314422607,0.0,1424469245074
21.0,0.0,0.0,3921.0256410256416,4347.6923076923085,4507.6923076923085,4066.1538461538466,4503.589743589744,4797.435897435898,4583.076923076924,4418.461538461539,4549.743589743591,3971.7948717948725,4413.846153846154,4524.102564102564,4505.128205128206,4231.282051282052,1686.0,1701.0,3.549608,3.0260379314422607,0.0,1424469244606
22.0,0.0,0.0,3916.9230769230776,4348.717948717949,4506.153846153847,4064.615384615385,4503.589743589744,4797.435897435898,4583.076923076924,4423.076923076924,4550.769230769231,3971.7948717948725,4419.48717948718,4526.153846153847,4505.128205128206,4231.282051282052,1687.0,1700.0,3.580432,3.0260379314422607,0.0,1424469244138
23.0,0.0,0.0,3919.48717948718,4342.051282051282,4504.102564102564,4065.6410256410263,4505.128205128206,4797.435897435898,4583.589743589744,4429.2307692307695,4552.820512820514,3971.7948717948725,4420.512820512821,4526.666666666667,4506.666666666667,4232.307692307693,1686.0,1700.0,3.588642,3.0260379314422607,0.0,1424469243670
24.0,0.0,0.0,3921.538461538462,4344.615384615385,4506.153846153847,4066.1538461538466,4505.641025641026,4797.435897435898,4584.102564102564,4427.6923076923085,4551.794871794872,3971.7948717948725,4417.948717948719,4526.666666666667,4506.666666666667,4232.820512820514,1687.0,1701.0,3.588642,3.0260379314422607,0.0,1424469243202
25.0,0.0,0.0,3920.0000000000005,4347.179487179487,4507.179487179488,4064.615384615385,4505.128205128206,4797.435897435898,4584.102564102564,4427.6923076923085,4550.769230769231,3971.7948717948725,4417.948717948719,4526.153846153847,4505.641025641026,4232.307692307693,1687.0,1701.0,3.622265,3.0260379314422607,0.0,1424469242734
26.0,0.0,0.0,3918.461538461539,4341.538461538462,4506.153846153847,4067.1794871794878,4505.128205128206,4797.435897435898,4583.076923076924,4425.128205128206,4550.769230769231,3971.7948717948725,4418.974358974359,4524.615384615385,4506.666666666667,4230.769230769231,1686.0,1701.0,3.622265,3.0260379314422607,0.0,1424469242266
27.0,0.0,0.0,3917.435897435898,4343.076923076924,4508.205128205129,4073.333333333334,4505.128205128206,4797.435897435898,4583.076923076924,4420.000000000001,4551.282051282052,3971.7948717948725,4418.461538461539,4524.102564102564,4507.179487179488,4232.307692307693,1687.0,1700.0,3.669099,3.065134048461914,0.0,1424469243703
28.0,0.0,0.0,3917.435897435898,4347.179487179487,4509.2307692307695,4076.410256410257,4505.641025641026,4797.435897435898,4583.589743589744,4420.512820512821,4550.769230769231,3971.7948717948725,4417.948717948719,4525.641025641026,4506.666666666667,4233.333333333334,1687.0,1701.0,3.669099,3.065134048461914,0.0,1424469243235
29.0,0.0,0.0,3918.461538461539,4342.051282051282,4507.179487179488,4072.307692307693,4505.641025641026,4797.435897435898,4583.076923076924,4420.512820512821,4551.282051282052,3971.7948717948725,4418.974358974359,4525.641025641026,4506.666666666667,4232.307692307693,1686.0,1699.0,3.669099,3.065134048461914,0.0,1424469242767
30.0,0.0,0.0,3918.461538461539,4339.48717948718,4508.717948717949,4068.717948717949,4505.641025641026,4797.435897435898,4583.076923076924,4419.48717948718,4551.282051282052,3971.7948717948725,4418.974358974359,4524.102564102564,4505.641025641026,4231.794871794872,1686.0,1701.0,3.683289,3.065134048461914,0.0,1424469242299
31.0,0.0,0.0,3919.48717948718,4346.666666666667,4510.769230769231,4066.666666666667,4505.641025641026,4797.435897435898,4583.076923076924,4425.128205128206,4550.256410256411,3971.7948717948725,4415.8974358974365,4524.102564102564,4505.128205128206,4232.307692307693,1687.0,1700.0,3.686588,3.065134048461914,0.0,1424469243729
32.0,0.0,0.0,3920.0000000000005,4346.666666666667,4507.6923076923085,4067.692307692308,4505.641025641026,4797.435897435898,4583.076923076924,4427.6923076923085,4550.769230769231,3971.7948717948725,4416.923076923077,4526.666666666667,4506.153846153847,4232.820512820514,1685.0,1701.0,3.686588,3.065134048461914,0.0,1424469243261
33.0,0.0,0.0,3918.9743589743593,4342.051282051282,4506.666666666667,4070.2564102564106,4505.128205128206,4797.435897435898,4583.076923076924,4424.102564102564,4551.282051282052,3971.7948717948725,4419.48717948718,4526.666666666667,4505.641025641026,4232.820512820514,1687.0,1701.0,3.708472,3.065134048461914,0.0,1424469242793
34.0,0.0,0.0,3922.0512820512827,4343.076923076924,4508.205128205129,4069.7435897435903,4505.641025641026,4797.435897435898,4583.076923076924,4423.589743589744,4550.769230769231,3971.7948717948725,4420.000000000001,4523.589743589744,4505.641025641026,4232.820512820514,1686.0,1700.0,3.708472,3.065134048461914,0.0,1424469242325
35.0,0.0,0.0,3924.1025641025644,4346.153846153847,4507.6923076923085,4070.7692307692314,4505.641025641026,4797.435897435898,4583.076923076924,4425.641025641026,4551.282051282052,3971.7948717948725,4420.000000000001,4522.051282051282,4505.128205128206,4232.820512820514,1687.0,1701.0,3.746298,3.127687931060791,0.0,1424469243769
36.0,0.0,0.0,3922.0512820512827,4345.128205128206,4506.666666666667,4071.2820512820517,4504.102564102564,4797.435897435898,4583.076923076924,4424.615384615385,4551.282051282052,3971.7948717948725,4420.000000000001,4525.641025641026,4504.615384615385,4232.820512820514,1686.0,1700.0,3.746298,3.127687931060791,0.0,1424469243301
37.0,0.0,0.0,3920.0000000000005,4344.102564102564,4507.6923076923085,4070.7692307692314,4504.615384615385,4797.435897435898,4583.076923076924,4424.615384615385,4551.794871794872,3971.2820512820517,4418.461538461539,4527.179487179488,4505.641025641026,4231.794871794872,1686.0,1701.0,3.746298,3.127687931060791,0.0,1424469242833
38.0,0.0,0.0,3920.5128205128212,4348.205128205129,4507.6923076923085,4069.7435897435903,4506.666666666667,4797.435897435898,4583.589743589744,4428.717948717949,4552.820512820514,3971.7948717948725,4418.461538461539,4524.615384615385,4507.6923076923085,4231.794871794872,1686.0,1700.0,3.768566,3.127687931060791,0.0,1424469242365
39.0,0.0,0.0,3920.5128205128212,4349.743589743591,4507.6923076923085,4068.205128205129,4505.128205128206,4797.435897435898,4583.589743589744,4430.256410256411,4551.794871794872,3971.7948717948725,4420.000000000001,4524.102564102564,4506.153846153847,4233.333333333334,1686.0,1701.0,3.768566,3.127687931060791,0.0,1424469243803
40.0,0.0,0.0,3917.435897435898,4346.153846153847,4507.6923076923085,4070.7692307692314,4503.589743589744,4797.435897435898,4583.076923076924,4427.6923076923085,4550.256410256411,3971.2820512820517,4419.48717948718,4525.641025641026,4503.589743589744,4232.307692307693,1687.0,1699.0,3.790714,3.127687931060791,0.0,1424469243335
41.0,0.0,0.0,3917.435897435898,4342.564102564103,4508.205128205129,4073.333333333334,4504.615384615385,4797.435897435898,4583.589743589744,4427.179487179487,4550.769230769231,3970.7692307692314,4419.48717948718,4525.128205128206,4504.615384615385,4232.307692307693,1687.0,1701.0,3.790714,3.127687931060791,0.0,1424469242867
42.0,0.0,0.0,3919.48717948718,4345.641025641026,4507.6923076923085,4073.8461538461543,4505.641025641026,4797.435897435898,4584.102564102564,4426.666666666667,4551.282051282052,3971.7948717948725,4420.000000000001,4524.615384615385,4505.641025641026,4233.333333333334,1687.0,1700.0,3.815711,3.127687931060791,0.0,1424469242399
43.0,0.0,0.0,3920.5128205128212,4347.179487179487,4506.666666666667,4072.820512820513,4505.128205128206,4797.435897435898,4583.076923076924,4426.666666666667,4550.256410256411,3973.333333333334,4419.48717948718,4525.128205128206,4505.641025641026,4233.333333333334,1686.0,1701.0,3.827928,3.127687931060791,0.0,1424469243832
44.0,0.0,0.0,3920.0000000000005,4345.128205128206,4506.153846153847,4070.7692307692314,4505.128205128206,4797.435897435898,4582.564102564103,4428.205128205129,4549.743589743591,3973.8461538461543,4420.000000000001,4524.615384615385,4505.128205128206,4232.307692307693,1688.0,1700.0,3.843542,3.127687931060791,0.0,1424469243364
45.0,0.0,0.0,3917.9487179487182,4345.641025641026,4506.153846153847,4068.205128205129,4505.641025641026,4797.435897435898,4584.102564102564,4427.179487179487,4550.256410256411,3973.333333333334,4418.974358974359,4524.615384615385,4505.641025641026,4231.794871794872,1686.0,1700.0,3.845828,3.127687931060791,0.0,1424469242896
46.0,0.0,0.0,3917.435897435898,4344.615384615385,4508.205128205129,4067.692307692308,4504.615384615385,4797.435897435898,4585.128205128206,4424.615384615385,4550.256410256411,3972.820512820513,4418.974358974359,4524.615384615385,4507.179487179488,4230.769230769231,1686.0,1701.0,3.865031,3.127687931060791,0.0,1424469242428
47.0,0.0,0.0,3920.0000000000005,4342.564102564103,4508.205128205129,4068.717948717949,4504.102564102564,4797.435897435898,4583.076923076924,4426.153846153847,4549.743589743591,3972.820512820513,4417.948717948719,4524.615384615385,4506.666666666667,4231.282051282052,1686.0,1700.0,3.865031,3.127687931060791,0.0,1424469243863
48.0,0.0,0.0,3922.564102564103,4343.589743589744,4507.179487179488,4069.7435897435903,4504.102564102564,4797.435897435898,4581.538461538462,4426.153846153847,4550.256410256411,3972.820512820513,4415.384615384616,4526.666666666667,4505.128205128206,4232.307692307693,1686.0,1701.0,3.87506,3.127687931060791,0.0,1424469243395
49.0,0.0,0.0,3919.48717948718,4346.153846153847,4507.179487179488,4070.2564102564106,4505.128205128206,4797.435897435898,4582.564102564103,4424.102564102564,4550.256410256411,3972.307692307693,4417.435897435898,4527.179487179488,4505.128205128206,4232.307692307693,1687.0,1700.0,3.87506,3.127687931060791,0.0,1424469242927
50.0,0.0,0.0,3916.9230769230776,4347.179487179487,4507.179487179488,4067.1794871794878,4504.615384615385,4797.435897435898,4583.076923076924,4426.666666666667,4550.256410256411,3971.7948717948725,4421.025641025642,4525.641025641026,4505.641025641026,4231.794871794872,1687.0,1700.0,3.895753,3.127687931060791,0.0,1424469242459
51.0,0.0,0.0,3917.435897435898,4346.153846153847,4506.153846153847,4066.1538461538466,4503.589743589744,4797.435897435898,4583.076923076924,4427.6923076923085,4550.256410256411,3971.2820512820517,4420.000000000001,4526.153846153847,4505.641025641026,4232.307692307693,1687.0,1700.0,3.895753,3.2606146335601807,0.0,1424469243897
52.0,0.0,0.0,3917.9487179487182,4343.589743589744,4506.666666666667,4069.7435897435903,4504.102564102564,4797.435897435898,4584.102564102564,4424.102564102564,4550.256410256411,3971.2820512820517,4418.461538461539,4527.179487179488,4505.128205128206,4232.820512820514,1686.0,1701.0,3.907384,3.2606146335601807,0.0,1424469243429
53.0,0.0,0.0,3918.9743589743593,4344.102564102564,4509.743589743591,4069.7435897435903,4506.153846153847,4797.435897435898,4585.128205128206,4424.102564102564,4549.743589743591,3971.2820512820517,4420.000000000001,4526.153846153847,4506.153846153847,4233.333333333334,1687.0,1700.0,3.91802,3.2606146335601807,0.0,1424469242961
54.0,0.0,0.0,3918.461538461539,4347.179487179487,4511.282051282052,4067.1794871794878,4504.102564102564,4797.435897435898,4585.128205128206,4425.641025641026,4549.743589743591,3971.2820512820517,4418.974358974359,4525.641025641026,4507.179487179488,4232.307692307693,1686.0,1701.0,3.918626,3.2606146335601807,0.0,1424469242493
55.0,0.0,0.0,3917.9487179487182,4347.6923076923085,4510.256410256411,4067.1794871794878,4502.051282051282,4797.435897435898,4585.128205128206,4425.641025641026,4549.743589743591,3971.2820512820517,4417.948717948719,4525.128205128206,4506.666666666667,4231.794871794872,1686.0,1700.0,3.929439,3.2606146335601807,0.0,1424469243930
56.0,0.0,0.0,3918.9743589743593,4345.641025641026,4507.6923076923085,4066.666666666667,4505.128205128206,4797.435897435898,4585.128205128206,4426.153846153847,4550.256410256411,3971.2820512820517,4419.48717948718,4525.641025641026,4506.153846153847,4232.820512820514,1686.0,1700.0,3.945127,3.2606146335601807,0.0,1424469243462
57.0,0.0,0.0,3918.461538461539,4346.666666666667,4507.6923076923085,4067.1794871794878,4507.179487179488,4797.435897435898,4585.128205128206,4429.2307692307695,4549.743589743591,3971.2820512820517,4419.48717948718,4525.641025641026,4505.641025641026,4233.333333333334,1687.0,1700.0,3.958683,3.2606146335601807,0.0,1424469242994
58.0,0.0,0.0,3915.8974358974365,4348.717948717949,4506.666666666667,4067.692307692308,4504.102564102564,4797.435897435898,4585.128205128206,4431.794871794872,4550.256410256411,3971.2820512820517,4419.48717948718,4525.128205128206,4505.641025641026,4232.307692307693,1687.0,1701.0,3.958683,3.2606146335601807,0.0,1424469242526
59.0,0.0,0.0,3916.410256410257,4346.153846153847,4506.153846153847,4068.205128205129,4503.589743589744,4797.435897435898,4584.615384615385,4428.717948717949,4551.794871794872,3971.2820512820517,4419.48717948718,4525.641025641026,4505.128205128206,4231.794871794872,1686.0,1700.0,3.971967,3.2606146335601807,0.0,1424469243964
60.0,0.0,0.0,3919.48717948718,4341.538461538462,4509.743589743591,4068.205128205129,4505.641025641026,4797.435897435898,4585.128205128206,4423.589743589744,4551.794871794872,3971.2820512820517,4419.48717948718,4525.128205128206,4504.615384615385,4232.307692307693,1686.0,1701.0,3.971967,3.2606146335601807,0.0,1424469243496
61.0,0.0,0.0,3919.48717948718,4343.589743589744,4511.282051282052,4066.1538461538466,4504.615384615385,4797.435897435898,4584.615384615385,4424.102564102564,4551.282051282052,3971.2820512820517,4419.48717948718,4525.128205128206,4505.641025641026,4232.820512820514,1688.0,1700.0,3.994287,3.2606146335601807,0.0,1424469243028
62.0,0.0,0.0,3916.410256410257,4346.666666666667,4508.205128205129,4066.666666666667,4503.076923076924,4797.435897435898,4583.076923076924,4426.153846153847,4551.794871794872,3971.2820512820517,4419.48717948718,4524.102564102564,4506.153846153847,4231.282051282052,1686.0,1701.0,3.994287,3.2606146335601807,0.0,1424469242560
63.0,0.0,0.0,3916.9230769230776,4346.153846153847,4507.6923076923085,4072.307692307693,4504.102564102564,4797.435897435898,4582.051282051282,4424.615384615385,4551.282051282052,3971.2820512820517,4420.000000000001,4523.589743589744,4505.641025641026,4231.282051282052,1687.0,1701.0,4.01076,3.2606146335601807,0.0,1424469243994
64.0,0.0,0.0,3917.9487179487182,4344.102564102564,4508.205128205129,4071.7948717948725,4504.102564102564,4797.435897435898,4583.076923076924,4424.102564102564,4550.769230769231,3971.2820512820517,4418.974358974359,4523.589743589744,4505.641025641026,4233.333333333334,1686.0,1700.0,4.01076,3.2606146335601807,0.0,1424469243526
65.0,0.0,0.0,3916.410256410257,4343.076923076924,4507.6923076923085,4065.6410256410263,4504.615384615385,4797.435897435898,4583.076923076924,4425.641025641026,4552.307692307693,3971.2820512820517,4420.000000000001,4524.102564102564,4506.153846153847,4232.820512820514,1686.0,1701.0,4.021946,3.2606146335601807,0.0,1424469243058
66.0,0.0,0.0,3915.8974358974365,4347.6923076923085,4507.6923076923085,4066.666666666667,4506.666666666667,4797.435897435898,4583.076923076924,4425.641025641026,4552.307692307693,3971.2820512820517,4420.000000000001,4525.128205128206,4505.641025641026,4230.769230769231,1686.0,1699.0,4.021946,3.2606146335601807,0.0,1424469242590
67.0,0.0,0.0,3919.48717948718,4349.743589743591,4509.2307692307695,4068.717948717949,4506.666666666667,4797.435897435898,4583.076923076924,4425.641025641026,4551.794871794872,3971.2820512820517,4416.410256410257,4525.641025641026,4504.615384615385,4231.794871794872,1686.0,1701.0,4.042743,3.3935413360595703,0.0,1424469244030
68.0,0.0,0.0,3921.538461538462,4346.666666666667,4508.717948717949,4065.6410256410263,4504.615384615385,4797.435897435898,4583.076923076924,4426.153846153847,4551.794871794872,3971.2820512820517,4416.923076923077,4525.641025641026,4504.615384615385,4232.820512820514,1687.0,1700.0,4.042743,3.3935413360595703,0.0,1424469243562
69.0,0.0,0.0,3915.3846153846157,4343.589743589744,4507.6923076923085,4069.23076923077,4504.615384615385,4797.435897435898,4583.076923076924,4426.153846153847,4550.769230769231,3971.2820512820517,4419.48717948718,4525.641025641026,4505.128205128206,4232.307692307693,1687.0,1700.0,4.058664,3.3935413360595703,0.0,1424469243094
70.0,0.0,0.0,3910.2564102564106,4344.102564102564,4507.179487179488,4071.7948717948725,4505.128205128206,4797.435897435898,4583.589743589744,4425.128205128206,4550.256410256411,3971.2820512820517,4417.948717948719,4525.128205128206,4504.102564102564,4232.307692307693,1687.0,1700.0,4.067757,3.3935413360595703,0.0,1424469242626
71.0,0.0,0.0,3915.8974358974365,4345.128205128206,4506.153846153847,4069.23076923077,4504.615384615385,4797.435897435898,4583.076923076924,4425.641025641026,4550.769230769231,3971.2820512820517,4417.435897435898,4524.102564102564,4504.615384615385,4232.307692307693,1686.0,1701.0,4.078111,3.3935413360595703,0.0,1424469244062
72.0,0.0,0.0,3922.0512820512827,4344.615384615385,4508.205128205129,4070.2564102564106,4504.102564102564,4797.435897435898,4583.076923076924,4426.666666666667,4551.282051282052,3971.2820512820517,4419.48717948718,4524.102564102564,4505.641025641026,4231.794871794872,1687.0,1700.0,4.078814,3.3935413360595703,0.0,1424469243594
73.0,0.0,0.0,3918.461538461539,4345.128205128206,4511.282051282052,4072.307692307693,4504.102564102564,4797.435897435898,4583.076923076924,4425.641025641026,4551.282051282052,3971.2820512820517,4418.974358974359,4523.589743589744,4505.641025641026,4232.307692307693,1686.0,1700.0,4.095169,3.3935413360595703,0.0,1424469243126
74.0,0.0,0.0,3918.461538461539,4346.153846153847,4509.743589743591,4069.23076923077,4504.102564102564,4797.435897435898,4583.076923076924,4423.076923076924,4550.256410256411,3971.2820512820517,4417.948717948719,4523.589743589744,4505.641025641026,4232.307692307693,1687.0,1701.0,4.109732,3.3935413360595703,0.0,1424469242658
75.0,0.0,0.0,3920.0000000000005,4346.153846153847,4506.666666666667,4068.205128205129,4504.615384615385,4797.435897435898,4583.076923076924,4425.128205128206,4551.282051282052,3971.2820512820517,4419.48717948718,4524.615384615385,4505.641025641026,4231.794871794872,1685.0,1700.0,4.109732,3.3935413360595703,0.0,1424469244097
76.0,0.0,0.0,3912.820512820513,4345.128205128206,4507.6923076923085,4071.2820512820517,4504.615384615385,4797.435897435898,4583.076923076924,4428.205128205129,4553.846153846154,3971.2820512820517,4420.000000000001,4524.615384615385,4505.641025641026,4232.307692307693,1686.0,1701.0,4.122872,3.3935413360595703,0.0,1424469243629
77.0,0.0,0.0,3911.7948717948725,4347.179487179487,4508.717948717949,4070.7692307692314,4504.615384615385,4797.435897435898,4583.076923076924,4425.641025641026,4552.820512820514,3971.2820512820517,4420.000000000001,4523.589743589744,4506.153846153847,4231.794871794872,1687.0,1700.0,4.12567,3.3935413360595703,0.0,1424469243161
78.0,0.0,0.0,3917.9487179487182,4349.2307692307695,4506.666666666667,4068.205128205129,4504.615384615385,4797.435897435898,4583.076923076924,4424.102564102564,4550.256410256411,3971.2820512820517,4421.025641025642,4525.128205128206,4506.153846153847,4231.282051282052,1686.0,1701.0,4.135607,3.3935413360595703,0.0,1424469242693
79.0,0.0,0.0,3915.8974358974365,4343.589743589744,4507.179487179488,4067.1794871794878,4504.615384615385,4797.435897435898,4583.076923076924,4429.2307692307695,4549.743589743591,3971.2820512820517,4418.461538461539,4525.128205128206,4505.128205128206,4232.820512820514,1687.0,1700.0,4.146394,3.3935413360595703,0.0,1424469244136
80.0,0.0,0.0,3916.9230769230776,4342.051282051282,4508.717948717949,4067.1794871794878,4504.615384615385,4797.435897435898,4583.076923076924,4428.717948717949,4551.282051282052,3971.2820512820517,4415.8974358974365,4524.102564102564,4504.102564102564,4233.846153846154,1687.0,1701.0,4.157162,3.3935413360595703,0.0,1424469243668
81.0,0.0,0.0,3921.538461538462,4347.179487179487,4507.179487179488,4068.205128205129,4504.615384615385,4797.435897435898,4583.076923076924,4420.000000000001,4551.282051282052,3971.2820512820517,4416.923076923077,4525.641025641026,4504.102564102564,4231.794871794872,1686.0,1701.0,4.157162,3.3935413360595703,0.0,1424469243200
82.0,0.0,0.0,3916.410256410257,4346.153846153847,4506.666666666667,4067.1794871794878,4504.615384615385,4797.435897435898,4583.076923076924,4420.512820512821,4550.769230769231,3971.2820512820517,4416.410256410257,4526.153846153847,4505.128205128206,4231.282051282052,1686.0,1701.0,4.172286,3.3935413360595703,0.0,1424469242732
83.0,0.0,0.0,3913.8461538461543,4341.538461538462,4509.2307692307695,4066.1538461538466,4504.615384615385,4797.435897435898,4583.076923076924,4429.743589743591,4550.769230769231,3971.2820512820517,4415.8974358974365,4524.615384615385,4506.153846153847,4232.820512820514,1687.0,1700.0,4.173003,3.3935413360595703,0.0,1424469244137
84.0,0.0,0.0,3920.0000000000005,4344.102564102564,4507.6923076923085,4070.2564102564106,4504.102564102564,4797.435897435898,4583.076923076924,4430.256410256411,4550.769230769231,3971.2820512820517,4419.48717948718,4524.615384615385,4505.641025641026,4231.794871794872,1686.0,1700.0,4.184013,3.3935413360595703,0.0,1424469243669
85.0,0.0,0.0,3920.0000000000005,4346.153846153847,4505.641025641026,4074.358974358975,4504.615384615385,4797.435897435898,4583.076923076924,4426.666666666667,4550.769230769231,3971.2820512820517,4420.512820512821,4525.641025641026,4504.615384615385,4231.282051282052,1687.0,1701.0,4.194973,3.3935413360595703,0.0,1424469243201
86.0,0.0,0.0,3916.410256410257,4343.076923076924,4507.179487179488,4070.7692307692314,4504.615384615385,4797.435897435898,4583.589743589744,4428.205128205129,4550.769230769231,3971.2820512820517,4419.48717948718,4525.641025641026,4504.615384615385,4231.794871794872,1687.0,1700.0,4.194973,3.3935413360595703,0.0,1424469242733
87.0,0.0,0.0,3918.461538461539,4346.666666666667,4507.6923076923085,4068.717948717949,4502.564102564103,4797.435897435898,4585.128205128206,4428.717948717949,4550.769230769231,3971.2820512820517,4418.974358974359,4525.641025641026,4505.128205128206,4232.307692307693,1687.0,1701.0,4.218792,3.534287214279175,0.0,1424469244167
88.0,0.0,0.0,3918.461538461539,4352.307692307693,4506.153846153847,4070.2564102564106,4503.076923076924,4797.435897435898,4585.641025641026,4429.2307692307695,4550.769230769231,3971.2820512820517,4418.461538461539,4525.128205128206,4506.153846153847,4232.820512820514,1687.0,1700.0,4.218792,3.534287214279175,0.0,1424469243699
89.0,0.0,0.0,3915.8974358974365,4347.6923076923085,4506.153846153847,4066.1538461538466,4505.641025641026,4797.435897435898,4584.615384615385,4429.2307692307695,4550.769230769231,3971.2820512820517,4415.384615384616,4524.615384615385,4506.666666666667,4231.794871794872,1686.0,1701.0,4.23885,3.534287214279175,0.0,1424469243231
90.0,0.0,0.0,3917.9487179487182,4344.102564102564,4507.6923076923085,4066.666666666667,4507.179487179488,4797.435897435898,4583.076923076924,4423.589743589744,4550.769230769231,3971.2820512820517,4416.410256410257,4524.615384615385,4505.641025641026,4231.794871794872,1687.0,1700.0,4.23885,3.534287214279175,0.0,1424469242763
91.0,0.0,0.0,3918.9743589743593,4348.205128205129,4509.2307692307695,4072.307692307693,4506.666666666667,4797.435897435898,4583.589743589744,4422.564102564103,4550.769230769231,3971.2820512820517,4417.435897435898,4525.128205128206,4504.615384615385,4233.333333333334,1686.0,1701.0,4.250482,3.5655641555786133,0.0,1424469244202
92.0,0.0,0.0,3917.9487179487182,4347.6923076923085,4508.717948717949,4071.2820512820517,4506.153846153847,4797.435897435898,4583.589743589744,4425.641025641026,4550.769230769231,3971.2820512820517,4415.384615384616,4524.102564102564,4504.615384615385,4232.307692307693,1687.0,1701.0,4.257417,3.5655641555786133,0.0,1424469243734
93.0,0.0,0.0,3918.9743589743593,4342.564102564103,4506.153846153847,4069.7435897435903,4506.666666666667,4797.435897435898,4582.051282051282,4425.128205128206,4550.769230769231,3971.2820512820517,4412.820512820514,4524.615384615385,4504.102564102564,4230.769230769231,1686.0,1700.0,4.267,3.5655641555786133,0.0,1424469243266
94.0,0.0,0.0,3918.461538461539,4344.615384615385,4505.641025641026,4070.7692307692314,4507.179487179488,4797.435897435898,4582.564102564103,4423.589743589744,4550.769230769231,3971.2820512820517,4416.410256410257,4525.128205128206,4504.102564102564,4231.794871794872,1687.0,1701.0,4.273264,3.5655641555786133,0.0,1424469242798
95.0,0.0,0.0,3917.435897435898,4346.666666666667,4508.205128205129,4067.692307692308,4505.641025641026,4797.435897435898,4583.589743589744,4424.102564102564,4551.282051282052,3971.2820512820517,4421.538461538462,4524.102564102564,4505.641025641026,4232.307692307693,1685.0,1700.0,4.279909,3.5655641555786133,0.0,1424469244236
96.0,0.0,0.0,3918.461538461539,4343.589743589744,4508.205128205129,4065.6410256410263,4503.589743589744,4797.435897435898,4583.076923076924,4425.128205128206,4551.794871794872,3971.2820512820517,4418.974358974359,4524.102564102564,4506.666666666667,4231.794871794872,1687.0,1700.0,4.297889,3.5655641555786133,0.0,1424469243768
97.0,0.0,0.0,3918.9743589743593,4344.102564102564,4506.153846153847,4068.717948717949,4503.589743589744,4797.435897435898,4583.076923076924,4427.179487179487,4551.282051282052,3971.2820512820517,4417.948717948719,4526.153846153847,4505.641025641026,4232.820512820514,1687.0,1700.0,4.297889,3.5655641555786133,0.0,1424469243300
98.0,0.0,0.0,3918.461538461539,4347.6923076923085,4508.205128205129,4068.717948717949,4504.615384615385,4797.435897435898,4583.076923076924,4428.205128205129,4550.769230769231,3971.2820512820517,4421.025641025642,4526.153846153847,4505.641025641026,4232.820512820514,1686.0,1701.0,4.308741,3.5655641555786133,0.0,1424469242832
99.0,0.0,0.0,3917.9487179487182,4345.641025641026,4510.256410256411,4066.1538461538466,4504.102564102564,4797.435897435898,4583.076923076924,4425.641025641026,4549.743589743591,3971.2820512820517,4416.923076923077,4523.589743589744,4507.179487179488,4231.282051282052,1687.0,1700.0,4.308741,3.635937213897705,0.0,1424469244272
100.0,0.0,0.0,3914.8717948717954,4344.615384615385,4508.205128205129,4069.23076923077,4504.615384615385,4797.435897435898,4583.076923076924,4424.615384615385,4548.717948717949,3971.2820512820517,4415.384615384616,4523.076923076924,4507.6923076923085,4232.307692307693,1686.0,1701.0,4.322368,3.635937213897705,0.0,1424469243804
101.0,0.0,0.0,3916.410256410257,4347.179487179487,4506.153846153847,4070.2564102564106,4505.641025641026,4797.435897435898,4583.076923076924,4425.641025641026,4548.205128205129,3971.2820512820517,4422.564102564103,4524.102564102564,4507.6923076923085,4232.820512820514,1688.0,1701.0,4.322368,3.635937213897705,0.0,1424469243336
102.0,0.0,0.0,3921.0256410256416,4347.6923076923085,4506.666666666667,4066.1538461538466,4505.128205128206,4797.435897435898,4583.076923076924,4425.641025641026,4549.2307692307695,3971.2820512820517,4422.051282051282,4525.128205128206,4507.6923076923085,4232.307692307693,1686.0,1700.0,4.345101,3.635937213897705,0.0,1424469242868
